,Country,Country Code,Happiness Score,Happiness Rank,Health (Life Expectancy),2015 CHE (%GDP),2015 GHE (%GDP),OOP/CHE(%),Suicide Rage),Suicide Rate)
0,Switzerland,CHE,7.587000000000001,1,0.9414299999999999,12.05701692,70.72655713,28.3,11.4,11.4
1,Iceland,ISL,7.561,2,0.94784,8.6091496,81.47514535,17.0,12.9,12.9
2,Denmark,DNK,7.527,3,0.87464,10.32620701,84.14279942,13.7,8.6,8.6
3,Norway,NOR,7.522,4,0.88521,9.97554719,85.39754712,14.3,10.2,10.2
4,Canada,CAN,7.4270000000000005,5,0.9056299999999999,10.43562237,73.54982557,14.6,10.5,10.5
5,Finland,FIN,7.406000000000001,6,0.8891100000000001,9.44569068,77.41248113,19.9,12.4,12.4
6,Netherlands,NLD,7.377999999999999,7,0.89284,10.690277900000002,80.71063836,12.3,9.7,9.7
7,Sweden,SWE,7.364,8,0.9108700000000001,11.01207026,83.66360718,15.2,12.3,12.3
11,Costa Rica,CRI,7.226,12,0.8602700000000001,8.14558457,75.96967363,21.5,7.5,7.5
12,Austria,AUT,7.2,13,0.8904200000000001,10.31988167,75.58406305,17.9,11.5,11.5
13,Mexico,MEX,7.187,14,0.8144399999999999,5.86449037,52.16868492,41.4,5.6,5.6
14,United States,USA,7.119,15,0.86179,16.83613019,50.35616434,11.1,13.3,13.3
15,Brazil,BRA,6.983,16,0.69702,8.91148377,42.75367468,28.3,6.2,6.2
16,Luxembourg,LUX,6.946000000000001,17,0.91894,6.04774196,82.67472681,10.6,11.6,11.6
17,Ireland,IRL,6.94,18,0.89533,7.76144215,69.98817926,15.2,10.8,10.8
18,Belgium,BEL,6.937,19,0.8966700000000001,10.47712841,82.40462397,17.6,15.2,15.2
19,United Arab Emirates,ARE,6.901,20,0.80925,3.46589995,71.25105548,17.8,2.7,2.7
20,United Kingdom,GBR,6.867000000000001,21,0.90943,9.87677211,80.35156024,14.8,7.6,7.6
21,Oman,OMN,6.853,22,0.76276,3.82790443,88.25362722,6.4,3.6,3.6
22,"Venezuela, RB",VEN,6.81,23,0.7205199999999999,3.16147665,47.67729086,45.8,3.9,3.9
23,Singapore,SGP,6.797999999999999,24,1.02525,4.25217534,51.87575635,36.7,7.6,7.6
24,Panama,PAN,6.7860000000000005,25,0.79661,7.00916167,61.58047485,30.5,4.0,4.0
25,Germany,DEU,6.75,26,0.89186,11.15156851,84.47016176,12.5,9.3,9.3
26,Chile,CHL,6.67,27,0.85857,8.07108586,60.78119408,32.2,10.0,10.0
27,Qatar,QAT,6.611000000000001,28,0.79733,3.05900331,85.41249059,6.2,5.7,5.7
28,France,FRA,6.575,29,0.9457899999999999,11.0664428,78.92436191,6.8,12.5,12.5
29,Argentina,ARG,6.574,30,0.78723,6.83453274,71.41693017,17.6,8.7,8.7
30,Czech Republic,CZE,6.505,31,0.84483,7.30822225,82.37091586,14.8,10.6,10.6
31,Uruguay,URY,6.485,32,0.8116,9.22392806,69.8174108,16.2,17.4,17.4
32,Colombia,COL,6.477,33,0.69077,6.19132764,66.7771347,18.3,8.1,8.1
33,Thailand,THA,6.455,34,0.7385,3.77148642,77.08053265,11.8,13.1,13.1
34,Saudi Arabia,SAU,6.4110000000000005,35,0.72025,5.83317193,71.31392905,15.0,3.4,3.4
35,Spain,ESP,6.329,36,0.95562,9.16537519,71.02886353,24.2,5.7,5.7
36,Malta,MLT,6.3020000000000005,37,0.88721,9.61684153,60.65675804,37.1,7.0,7.0
38,Kuwait,KWT,6.295,39,0.72492,4.03326864,84.10404624,14.4,2.2,2.2
39,Suriname,SUR,6.269,40,0.6082,6.54831915,50.48611714,10.1,24.4,24.4
40,Trinidad and Tobago,TTO,6.167999999999999,41,0.61483,6.01520913,53.76389867,37.3,12.8,12.8
41,El Salvador,SLV,6.13,42,0.67737,6.91453064,64.20371261,27.9,13.9,13.9
42,Guatemala,GTM,6.122999999999999,43,0.64425,5.71638638,32.03295719,55.8,3.4,3.4
43,Uzbekistan,UZB,6.002999999999999,44,0.59772,6.23430295,53.44829481,42.7,7.4,7.4
44,Slovak Republic,SVK,5.995,45,0.7890199999999999,6.88594228,79.71612579,18.4,10.1,10.1
46,"Korea, Rep.",KOR,5.984,47,0.9653799999999999,7.39052728,56.39652566,36.8,21.4,21.4
47,Ecuador,ECU,5.975,48,0.79075,8.5431596,49.66578875,43.7,9.7,9.7
48,Bahrain,BHR,5.96,49,0.74716,5.15597207,66.19502994,25.1,5.7,5.7
49,Italy,ITA,5.9479999999999995,50,0.9544600000000001,8.99632037,74.87046457,22.8,5.3,5.3
50,Bolivia,BOL,5.89,51,0.5392,6.41118015,68.01483694,25.9,13.1,13.1
51,Moldova,MDA,5.888999999999999,52,0.61826,10.17682846,45.53836286,46.2,14.0,14.0
52,Paraguay,PRY,5.877999999999999,53,0.66098,7.81978726,53.53483855,36.5,9.6,9.6
53,Kazakhstan,KAZ,5.855,54,0.64368,3.88047502,60.17761311,38.8,25.2,25.2
54,Slovenia,SVN,5.848,55,0.8733700000000001,8.54318382,71.29637104,12.5,14.8,14.8
55,Lithuania,LTU,5.832999999999999,56,0.73128,6.51478014,65.86561377,32.1,28.8,28.8
56,Nicaragua,NIC,5.827999999999999,57,0.7431399999999999,7.80707539,56.52762915,36.0,11.9,11.9
57,Peru,PER,5.824,58,0.73017,5.26480404,61.69912228,30.9,5.1,5.1
58,Belarus,BLR,5.813,59,0.7360800000000001,6.11132497,62.36559364,34.5,21.2,21.2
59,Poland,POL,5.791,60,0.77903,6.34723395,69.88509401,23.2,13.1,13.1
60,Malaysia,MYS,5.77,61,0.7239399999999999,3.99868581,52.07365793,36.7,6.1,6.1
61,Croatia,HRV,5.7589999999999995,62,0.78805,7.40361536,76.77617737,15.2,12.3,12.3
63,Russian Federation,RUS,5.716,64,0.6692600000000001,5.56294786,61.07916329,36.4,27.5,27.5
64,Jamaica,JAM,5.709,65,0.6874100000000001,5.92552565,58.5885695,23.7,2.0,2.0
65,Cyprus,CYP,5.695,66,0.92356,6.76967432,42.59154878,43.9,4.3,4.3
66,Cyprus,CYP,5.689,67,0.92356,6.76967432,42.59154878,43.9,4.3,4.3
67,Algeria,DZA,5.605,68,0.61766,7.05668786,70.57826152,28.1,3.4,3.4
69,Turkmenistan,TKM,5.547999999999999,70,0.53886,6.25480615,23.94773346,71.1,7.5,7.5
70,Mauritius,MUS,5.477,71,0.7095,5.53717104,45.80513096,50.7,8.1,8.1
72,Estonia,EST,5.428999999999999,73,0.77361,6.51253969,75.36219577,22.8,13.3,13.3
73,Indonesia,IDN,5.399,74,0.63793,3.34743137,38.19642545,48.3,3.7,3.7
74,Vietnam,VNM,5.36,75,0.7467600000000001,5.65262156,41.80939496,43.5,7.0,7.0
75,Turkey,TUR,5.332000000000001,76,0.73172,4.13853307,78.13383692,16.9,7.2,7.2
76,Kyrgyz Republic,KGZ,5.2860000000000005,77,0.65088,8.21788363,44.8614695,48.2,8.8,8.8
77,Nigeria,NGA,5.268,78,0.16007000000000002,3.56466763,16.52547933,72.2,17.5,17.5
78,Bhutan,BTN,5.252999999999999,79,0.57407,3.48610414,72.09324381,19.8,11.9,11.9
79,Azerbaijan,AZE,5.212000000000001,80,0.64045,6.67801847,20.22444756,78.6,2.7,2.7
80,Pakistan,PAK,5.194,81,0.51466,2.6894981,27.45451845,66.5,3.1,3.1
81,Jordan,JOR,5.192,82,0.69639,6.28439713,57.16845878,25.1,3.7,3.7
82,Montenegro,MNE,5.192,82,0.72521,5.97029617,67.14571166,31.8,7.7,7.7
83,China,CHN,5.14,84,0.81658,5.31586777,59.77573942,32.4,8.1,8.1
84,Zambia,ZMB,5.129,85,0.29924,5.35428737,36.56030444,27.5,11.2,11.2
85,Romania,ROU,5.124,86,0.7689,4.95441798,77.75538588,21.3,9.1,9.1
86,Serbia,SRB,5.122999999999999,87,0.74836,9.40507954,57.68480079999999,40.6,10.6,10.6
87,Portugal,PRT,5.102,88,0.8751899999999999,8.97237559,66.21735648,27.7,8.6,8.6
88,Latvia,LVA,5.098,89,0.72437,5.76059881,57.49276408,41.6,17.3,17.3
89,Philippines,PHL,5.073,90,0.58114,4.41351594,31.39779723,53.5,3.8,3.8
91,Morocco,MAR,5.013,92,0.60954,5.52786362,43.29497802,53.1,3.1,3.1
92,North Macedonia,MKD,5.007,93,0.73545,6.09170828,64.05250564,35.6,6.2,6.2
93,Mozambique,MOZ,4.971,94,0.09131,5.35312059,8.08987632,6.8,8.5,8.5
94,Albania,ALB,4.959,95,0.81325,6.82443871,42.30961445,56.9,5.3,5.3
95,Bosnia and Herzegovina,BIH,4.949,96,0.79081,9.38256029,68.68421573,28.6,6.6,6.6
96,Lesotho,LSO,4.898,97,0.07612000000000001,8.36260694,56.82060244,16.9,28.5,28.5
97,Dominican Republic,DOM,4.885,98,0.66825,6.22404145,40.34285714,43.7,10.2,10.2
98,Lao PDR,LAO,4.876,99,0.54909,2.80561369,35.20909483,45.4,9.3,9.3
99,Mongolia,MNG,4.874,100,0.60268,3.86991881,52.21657495,39.3,13.4,13.4
100,Eswatini,SWZ,4.867,101,0.07566,7.04291105,64.70109665,11.3,16.5,16.5
101,Greece,GRC,4.857,102,0.88213,8.38483836,59.08595356,35.5,3.6,3.6
102,Lebanon,LBN,4.8389999999999995,103,0.83947,7.43147196,50.53381312,32.1,3.3,3.3
103,Hungary,HUN,4.8,104,0.75905,7.23613379,66.72887085,29.0,14.7,14.7
104,Honduras,HND,4.788,105,0.6951,7.59248549,38.79833096,49.1,3.3,3.3
105,Tajikistan,TJK,4.7860000000000005,106,0.5737899999999999,6.85373543,28.16932295,63.1,3.4,3.4
106,Tunisia,TUN,4.739,107,0.73793,6.74049066,56.30421032,39.8,3.3,3.3
108,Bangladesh,BGD,4.694,109,0.60164,2.63947252,14.69589568,71.8,6.3,6.3
109,"Iran, Islamic Rep.",IRN,4.686,110,0.69805,7.59492036,53.38422781,39.7,4.0,4.0
110,Ukraine,UKR,4.681,111,0.6739,6.13449593,46.40522509,47.8,19.0,19.0
111,Iraq,IRQ,4.677,112,0.60237,3.39701631,23.2399203,76.5,4.1,4.1
112,South Africa,ZAF,4.6419999999999995,113,0.27688,8.20115459,53.55438534,7.7,13.1,13.1
113,Ghana,GHA,4.633,114,0.40131999999999995,5.90823662,34.9480814,36.1,8.6,8.6
114,Zimbabwe,ZWE,4.61,115,0.33475,10.31719793,20.817960100000004,25.8,18.9,18.9
115,Liberia,LBR,4.571000000000001,116,0.34201,15.18650331,7.41050572,19.6,12.9,12.9
116,India,IND,4.565,117,0.5152899999999999,3.88825688,25.59137123,65.1,16.7,16.7
117,Sudan,SDN,4.55,118,0.36878,6.31286382,31.14130435,63.2,9.5,9.5
118,Haiti,HTI,4.518,119,0.38847,6.86828112,10.67749349,36.3,12.2,12.2
120,Nepal,NPL,4.513999999999999,121,0.5687399999999999,6.14698721,18.13048174,60.4,10.1,10.1
121,Ethiopia,ETH,4.512,122,0.44055,4.04684368,26.86947834,37.8,11.5,11.5
122,Sierra Leone,SLE,4.507,123,0.0,18.31858759,8.96410516,38.2,15.7,15.7
123,Mauritania,MRT,4.436,124,0.35874,4.63981866,39.02301726,48.2,7.4,7.4
124,Kenya,KEN,4.419,125,0.41435,5.22017671,33.10335329,33.4,5.5,5.5
125,Djibouti,DJI,4.369,126,0.36291,4.38930145,54.621782499999995,20.4,8.2,8.2
126,Armenia,ARM,4.35,127,0.7299,10.14083813,15.91488078,81.6,6.0,6.0
127,Botswana,BWA,4.332,128,0.047760000000000004,5.97091586,55.10065392,5.3,12.0,12.0
128,Myanmar,MMR,4.3069999999999995,129,0.48246000000000006,4.94925346,23.00182011,73.9,8.0,8.0
129,Georgia,GEO,4.297,130,0.72926,7.93235924,38.78523224,57.3,6.7,6.7
130,Malawi,MWI,4.292,131,0.22562,9.33097184,28.64990369,11.0,7.6,7.6
131,Sri Lanka,LKA,4.271,132,0.70806,2.96601516,53.71800995,38.4,14.5,14.5
132,Cameroon,CMR,4.252,133,0.23401999999999998,5.11302542,14.460227100000001,69.7,19.6,19.6
133,Bulgaria,BGR,4.218,134,0.76649,8.20309288,51.08709745,47.7,7.9,7.9
134,"Egypt, Arab Rep.",EGY,4.194,135,0.61712,4.17154673,30.08107773,62.0,4.2,4.2
135,"Yemen, Rep.",YEM,4.077,136,0.40064,5.98263363,10.18244304,81.0,9.9,9.9
136,Angola,AGO,4.033,137,0.16683,2.94697845,47.50627957,33.4,9.3,9.3
137,Mali,MLI,3.995,138,0.20583,5.79663385,16.54630036,46.3,8.9,8.9
139,Comoros,COM,3.9560000000000004,140,0.36315,8.04626019,13.40060749,74.8,11.1,11.1
140,Uganda,UGA,3.931,141,0.33860999999999997,7.30193117,13.43168492,40.5,20.2,20.2
141,Senegal,SEN,3.904,142,0.4354,3.97026571,31.74941378,44.2,12.1,12.1
142,Gabon,GAB,3.8960000000000004,143,0.43372,2.67891653,58.90986608,25.9,9.9,9.9
143,Niger,NER,3.845,144,0.29707,7.165197900000001,21.02340571,52.3,9.1,9.1
144,Cambodia,KHM,3.819,145,0.61114,5.98226009,20.85967638,59.4,5.9,5.9
145,Tanzania,TZA,3.781,146,0.38215,6.12306537,35.30276984,26.1,9.5,9.5
146,Madagascar,MDG,3.681,147,0.46721,5.23778965,45.15438957,21.7,7.0,7.0
147,Central African Republic,CAF,3.678,148,0.06699,4.77627738,12.76758909,39.6,12.1,12.1
148,Chad,TCD,3.667,149,0.1501,4.57628264,23.46268231,56.4,15.7,15.7
149,Guinea,GIN,3.656,150,0.24009,4.53653174,17.14846216,54.5,10.7,10.7
150,Cote d'Ivoire,CIV,3.655,151,0.15185,5.43583318,21.82589173,36.0,22.8,22.8
151,Burkina Faso,BFA,3.5869999999999997,152,0.27125,5.446772,28.24113204,36.1,14.8,14.8
152,Afghanistan,AFG,3.575,153,0.30335,10.29759481,5.17223951,78.4,6.6,6.6
153,Rwanda,RWA,3.465,154,0.42863999999999997,7.89529324,21.37426684,26.0,11.2,11.2
154,Benin,BEN,3.34,155,0.3191,3.99190103,20.13637677,40.5,15.7,15.7
156,Burundi,BDI,2.905,157,0.22396,8.24294928,38.81822708,19.1,14.8,14.8
157,Togo,TGO,2.839,158,0.28443,6.64913046,28.00110238,51.0,16.3,16.3
